{
    "JSD": "[[0.0, 0.3080996543591745, 0.24912133055861374, 0.25173639334652237, 0.3881439288193866, 0.32374882294095825, 0.3308628564854615, 0.3454289969327118, 0.3442767261086139, 0.36028772812809845], [0.3080996543591745, 0.0, 0.40425610871660594, 0.35982600278385046, 0.3628210753974533, 0.37956851987341733, 0.31627272918850813, 0.2969926025778083, 0.3033883364630571, 0.3009010018240042], [0.24912133055861374, 0.40425610871660594, 0.0, 0.22689572119871246, 0.3033402750121031, 0.1965435115287716, 0.2232731773651916, 0.24136875361364205, 0.24878796077678408, 0.25626358900011936], [0.25173639334652237, 0.35982600278385046, 0.22689572119871246, 0.0, 0.20658017795489547, 0.18416801947097114, 0.173938533404165, 0.15286860565345764, 0.16663657483620628, 0.14396140940509314], [0.3881439288193866, 0.3628210753974533, 0.3033402750121031, 0.20658017795489547, 0.0, 0.22292605876038854, 0.2205256785599009, 0.18726656039520564, 0.21682462002146616, 0.2223487003347858], [0.32374882294095825, 0.37956851987341733, 0.1965435115287716, 0.18416801947097114, 0.22292605876038854, 0.0, 0.19300667636617855, 0.19045253853296654, 0.1807541681296987, 0.15889502839436712], [0.3308628564854615, 0.31627272918850813, 0.2232731773651916, 0.173938533404165, 0.2205256785599009, 0.19300667636617855, 0.0, 0.17505394557832213, 0.1722865224481186, 0.16315596648380218], [0.3454289969327118, 0.2969926025778083, 0.24136875361364205, 0.15286860565345764, 0.18726656039520564, 0.19045253853296654, 0.17505394557832213, 0.0, 0.15445178926034303, 0.14888292281557963], [0.3442767261086139, 0.3033883364630571, 0.24878796077678408, 0.16663657483620628, 0.21682462002146616, 0.1807541681296987, 0.1722865224481186, 0.15445178926034303, 0.0, 0.13420358692810708], [0.36028772812809845, 0.3009010018240042, 0.25626358900011936, 0.14396140940509314, 0.2223487003347858, 0.15889502839436712, 0.16315596648380218, 0.14888292281557963, 0.13420358692810708, 0.0]]"
}