{
    "JSD":"[[0.0, 0.182, 0.222, 0.319, 0.374, 0.41, 0.455, 0.511, 0.55, 0.539], [0.182, 0.0, 0.0164, 0.0257, 0.0316, 0.0599, 0.0675, 0.0861, 0.115, 0.13], [0.222, 0.0164, 0.0, 0.00935, 0.0201, 0.0277, 0.0409, 0.0598, 0.0858, 0.0928], [0.319, 0.0257, 0.00935, 0.0, 0.017, 0.0203, 0.0251, 0.031, 0.046, 0.0537], [0.374, 0.0316, 0.0201, 0.017, 0.0, 0.0133, 0.0206, 0.0232, 0.0365, 0.0408], [0.41, 0.0599, 0.0277, 0.0203, 0.0133, 0.0, 0.0126, 0.0169, 0.0244, 0.0273], [0.455, 0.0675, 0.0409, 0.0251, 0.0206, 0.0126, 0.0, 0.0108, 0.0159, 0.0173], [0.511, 0.0861, 0.0598, 0.031, 0.0232, 0.0169, 0.0108, 0.0, 0.0134, 0.0141], [0.55, 0.115, 0.0858, 0.046, 0.0365, 0.0244, 0.0159, 0.0134, 0.0, 0.0114], [0.539, 0.13, 0.0928, 0.0537, 0.0408, 0.0273, 0.0173, 0.0141, 0.0114, 0.0]]",
    "KLD":"[[0.0, 0.0, 0.0, 0.0, 0.0, 0.0, 0.0, 0.0, 0.0, 0.0], [0.0, 0.0, 0.0, 0.0, 0.0, 0.0, 0.0, 0.0, 0.0, 0.0], [0.0, 0.0, 0.0, 0.0, 0.0, 0.0, 0.0, 0.0, 0.0, 0.0], [0.0, 0.0, 0.0, 0.0, 0.0, 0.0, 0.0, 0.0, 0.0, 0.0], [0.0, 0.0, 0.0, 0.0, 0.0, 0.0, 0.0, 0.0, 0.0, 0.0], [0.0, 0.0, 0.0, 0.0, 0.0, 0.0, 0.0, 0.0, 0.0, 0.0], [0.0, 0.0, 0.0, 0.0, 0.0, 0.0, 0.0, 0.0, 0.0, 0.0], [0.0, 0.0, 0.0, 0.0, 0.0, 0.0, 0.0, 0.0, 0.0, 0.0], [0.0, 0.0, 0.0, 0.0, 0.0, 0.0, 0.0, 0.0, 0.0, 0.0], [0.0, 0.0, 0.0, 0.0, 0.0, 0.0, 0.0, 0.0, 0.0, 0.0]]"
}